20 1
0.0 0.0 2.459512
0.0 0.0 0.0
6 6.780001 0.000000 1.229756
6 6.448164 2.095135 -1.229756
6 5.485136 3.985184 1.229756
6 3.985184 5.485136 -1.229756
6 2.095135 6.448164 1.229756
6 0.000000 6.780001 -1.229756
6 -2.095135 6.448164 1.229756
6 -3.985184 5.485136 -1.229756
6 -5.485136 3.985184 1.229756
6 -6.448164 2.095135 -1.229756
6 -6.780001 0.000000 1.229756
6 -6.448164 -2.095135 -1.229756
6 -5.485136 -3.985184 1.229756
6 -3.985184 -5.485136 -1.229756
6 -2.095135 -6.448164 1.229756
6 -0.000000 -6.780001 -1.229756
6 2.095135 -6.448164 1.229756
6 3.985184 -5.485136 -1.229756
6 5.485136 -3.985184 1.229756
6 6.448164 -2.095135 -1.229756
