20 1
0.0 0.0 2.459512
0.0 0.0 0.0
6 5.871653 0.000000 1.229756
6 5.584274 1.814440 -1.229756
6 4.750267 3.451271 1.229756
6 3.451271 4.750267 -1.229756
6 1.814440 5.584274 1.229756
6 0.000000 5.871653 -1.229756
6 -1.814440 5.584274 1.229756
6 -3.451271 4.750267 -1.229756
6 -4.750267 3.451271 1.229756
6 -5.584274 1.814440 -1.229756
6 -5.871653 0.000000 1.229756
6 -5.584274 -1.814440 -1.229756
6 -4.750267 -3.451271 1.229756
6 -3.451271 -4.750267 -1.229756
6 -1.814440 -5.584274 1.229756
6 -0.000000 -5.871653 -1.229756
6 1.814440 -5.584274 1.229756
6 3.451271 -4.750267 -1.229756
6 4.750267 -3.451271 1.229756
6 5.584274 -1.814440 -1.229756
