0
0.0294985
0.058997
0.0884956
0.117994
0.147493
0.176991
0.20649
0.235988
0.265487
0.294985
0.324484
0.353982
0.383481
0.412979
0.442478
0.471976
0.501475
0.530973
0.560472
0.58997
0.619469
0.648967
0.678466
0.707965
0.737463
0.766962
0.79646
0.825959
0.855457
0.884956
0.914454
0.943953
0.973451
1.00295
1.03245
1.06195
1.09145
1.12094
1.15044
1.17994
1.20944
1.23894
1.26844
1.29793
1.32743
1.35693
1.38643
1.41593
1.44543
1.47493
1.47493
1.49459
1.51426
1.53392
1.55359
1.57325
1.59292
1.61259
1.63225
1.65192
1.67158
1.69125
1.71091
1.73058
1.75025
1.76991
1.78958
1.80924
1.82891
1.84857
1.86824
1.88791
1.90757
1.92724
1.9469
1.96657
1.98623
2.0059
2.02557
2.04523
2.0649
2.08456
2.10423
2.12389
2.14356
2.16322
2.18289
2.20256
2.22222
2.24189
2.26155
2.28122
2.30088
2.32055
2.34022
2.35988
2.37955
2.39921
2.41888
2.43854
2.45821
2.45821
2.48423
2.51024
2.53626
2.56227
2.58829
2.6143
2.64032
2.66633
2.69235
2.71836
2.74438
2.77039
2.79641
2.82242
2.84844
2.87445
2.90047
2.92648
2.9525
2.97852
3.00453
3.03055
3.05656
3.08258
3.10859
3.13461
3.16062
3.18664
3.21265
3.23867
3.26468
3.2907
3.31671
3.34273
3.36874
3.39476
3.42077
3.44679
3.47281
3.49882
3.52484
3.55085
3.57687
3.60288
3.6289
3.65491
3.68093
3.70694
3.73296
3.75897
